From: 40.249403, -111.650154
To: 40.249218, -111.648338
Zoom: 17

HFAC: 40.249803, -111.647854