From: 40.249403, -111.650154
To: 40.249218, -111.648338